T,motor,stretch
1718138,sition: 0 ,-0.25
1718188,sition: 0 ,-0.50
1718238,sition: 0 ,-2.50
1718300,sition: 0 ,-4.24
1718350,sition: 0 ,-4.74
1718400,sition: 0 ,-4.25
1718461,sition: 0 ,-2.75
1718511,sition: 0 ,-2.00
1718561,sition: 0 ,-1.00
1718623,sition: 0 ,-0.50
1718673,sition: 0 ,-0.25
1718723,sition: 0 ,-0.25
1718783,sition: 0 ,-0.25
1718833,sition: 0 ,0.00
1718902,sition: 0 ,-0.25
1718952,sition: 0 ,0.00
1719015,sition: 0 ,-0.25
1719065,sition: 0 ,-0.25
1719116,sition: 0 ,-0.25
1719177,sition: 0 ,-0.25
1719227,sition: 0 ,-1.00
1719277,sition: 0 ,-3.00
1719338,sition: 0 ,-4.75
1719388,sition: 0 ,-4.50
1719438,sition: 0 ,-4.00
1719499,sition: 0 ,-2.50
1719549,sition: 0 ,-1.50
1719599,sition: 0 ,-0.75
1719660,sition: 0 ,-0.25
1719710,sition: 0 ,-0.25
1719760,sition: 0 ,0.00
1719817,sition: 0 ,-0.25
1719867,sition: 0 ,0.00
1719935,sition: 0 ,0.01
1719985,sition: 0 ,-0.25
1720054,sition: 0 ,-0.25
1720104,sition: 0 ,-0.25
1720154,sition: 0 ,-0.25
1720210,sition: 0 ,0.00
1720260,sition: 0 ,-0.25
1720310,sition: 0 ,-0.50
1720369,sition: 0 ,-3.50
1720419,sition: 0 ,-4.50
1720469,sition: 0 ,-4.74
1720532,sition: 0 ,-4.25
1720582,sition: 0 ,-3.00
1720632,sition: 0 ,-2.50
1720693,sition: 0 ,-0.50
1720743,sition: 0 ,-0.50
1720811,sition: 0 ,-0.50
1720861,sition: 0 ,-0.25
1720930,sition: 0 ,-0.25
1720980,sition: 0 ,-0.25
1721030,sition: 0 ,-0.25
1721091,sition: 0 ,-0.25
1721141,sition: 0 ,-0.25
1721191,sition: 0 ,-0.25
1721251,sition: 0 ,-0.25
1721301,sition: 0 ,-0.25
1721351,sition: 0 ,-0.50
1721411,sition: 0 ,-0.50
1721461,sition: 0 ,-2.75
1721511,sition: 0 ,-4.24
1721574,sition: 0 ,-4.74
1721624,sition: 0 ,-3.99
1721674,sition: 0 ,-3.25
1721735,sition: 0 ,-1.25
1721785,sition: 0 ,-0.75
1721835,sition: 0 ,-0.50
1721896,sition: 0 ,-0.25
1721946,sition: 0 ,-0.25
1721996,sition: 4 ,-0.25
1722052,sition: 4 ,0.00
1722102,sition: 4 ,0.01
1722171,sition: 4 ,0.01
1722221,sition: 8 ,0.01
1722286,sition: 8 ,0.76
1722336,sition: 8 ,0.75
1722405,sition: 8 ,1.01
1722455,sition: 12 ,1.00
1722520,sition: 12 ,1.26
1722570,sition: 12 ,1.00
1722620,sition: 12 ,-0.75
1722680,sition: 12 ,-2.25
1722730,sition: 16 ,-2.25
1722780,sition: 16 ,-1.75
1722839,sition: 16 ,0.74
1722889,sition: 16 ,1.50
1722939,sition: 16 ,2.25
1722996,sition: 20 ,2.50
1723046,sition: 20 ,2.50
1723096,sition: 20 ,2.50
1723152,sition: 20 ,2.50
1723202,sition: 20 ,2.50
1723252,sition: 24 ,2.50
1723308,sition: 24 ,2.50
1723358,sition: 24 ,2.50
1723408,sition: 24 ,2.50
1723465,sition: 24 ,2.50
1723515,sition: 28 ,2.50
1723565,sition: 28 ,2.50
1723622,sition: 28 ,2.50
1723672,sition: 28 ,2.50
1723722,sition: 28 ,4.23
1723778,sition: 32 ,2.23
1723828,sition: 32 ,2.73
1723878,sition: 32 ,2.98
1723935,sition: 32 ,3.72
1723985,sition: 32 ,4.23
1724052,sition: 36 ,4.98
1724102,sition: 36 ,4.98
1724165,sition: 36 ,4.98
1724215,sition: 36 ,4.98
1724281,sition: 36 ,4.98
1724332,sition: 40 ,4.98
1724394,sition: 40 ,4.98
1724444,sition: 40 ,4.98
1724511,sition: 40 ,4.98
1724561,sition: 44 ,4.98
1724624,sition: 44 ,4.98
1724674,sition: 44 ,4.98
1724724,sition: 44 ,4.98
1724781,sition: 44 ,5.47
1724831,sition: 48 ,5.22
1724881,sition: 48 ,5.22
1724939,sition: 48 ,6.46
1724989,sition: 48 ,6.96
1725040,sition: 48 ,7.47
1725097,sition: 48 ,8.22
1725147,sition: 52 ,8.22
1725197,sition: 52 ,8.22
1725255,sition: 52 ,8.22
1725305,sition: 52 ,8.22
1725355,sition: 56 ,8.22
1725413,sition: 56 ,8.22
1725463,sition: 56 ,8.22
1725513,sition: 56 ,8.22
1725571,sition: 56 ,8.22
1725621,sition: 56 ,8.22
1725671,sition: 60 ,8.22
1725728,sition: 60 ,8.22
1725778,sition: 60 ,8.22
1725828,sition: 60 ,8.22
1725886,sition: 64 ,9.45
1725936,sition: 64 ,8.95
1725986,sition: 64 ,8.95
1726044,sition: 64 ,8.95
1726094,sition: 64 ,9.45
1726144,sition: 64 ,9.95
1726202,sition: 68 ,11.45
1726252,sition: 68 ,11.95
1726302,sition: 68 ,11.95
1726365,sition: 68 ,11.95
1726415,sition: 72 ,11.95
1726465,sition: 72 ,11.95
1726528,sition: 72 ,13.19
1726578,sition: 72 ,13.19
1726628,sition: 76 ,13.19
1726692,sition: 76 ,13.69
1726742,sition: 76 ,13.94
1726792,sition: 76 ,13.44
1726855,sition: 76 ,11.19
1726905,sition: 80 ,10.94
1726955,sition: 80 ,10.94
1727018,sition: 80 ,11.69
1727068,sition: 80 ,12.19
1727118,sition: 84 ,12.69
1727180,sition: 84 ,13.94
1727230,sition: 84 ,14.44
1727280,sition: 84 ,14.69
1727344,sition: 84 ,14.69
1727394,sition: 88 ,14.69
1727444,sition: 88 ,14.94
1727506,sition: 88 ,15.18
1727556,sition: 88 ,15.44
1727606,sition: 88 ,15.18
1727669,sition: 92 ,14.94
1727719,sition: 92 ,13.94
1727769,sition: 92 ,12.94
1727829,sition: 92 ,12.69
1727879,sition: 92 ,12.69
1727929,sition: 96 ,12.94
1727992,sition: 96 ,14.19
1728042,sition: 96 ,14.69
1728092,sition: 96 ,15.18
1728155,sition: 96 ,15.93
1728205,sition: 100 ,16.18
1728255,sition: 100 ,16.18
1728314,sition: 100 ,16.68
1728364,sition: 100 ,16.18
1728414,sition: 104 ,16.43
1728473,sition: 104 ,16.68
1728523,sition: 104 ,16.68
1728573,sition: 104 ,16.68
1728635,sition: 104 ,14.93
1728685,sition: 104 ,14.19
1728735,sition: 108 ,13.94
1728796,sition: 108 ,14.19
1728846,sition: 108 ,14.68
1728896,sition: 108 ,14.68
1728958,sition: 108 ,15.93
1729008,sition: 112 ,16.68
1729058,sition: 112 ,16.68
1729120,sition: 112 ,17.18
1729170,sition: 112 ,17.18
1729220,sition: 112 ,17.43
1729281,sition: 116 ,17.43
1729331,sition: 116 ,17.68
1729381,sition: 116 ,17.68
1729442,sition: 116 ,17.92
1729492,sition: 116 ,16.43
1729542,sition: 120 ,15.43
1729601,sition: 120 ,14.93
1729651,sition: 120 ,14.93
1729701,sition: 120 ,15.18
1729762,sition: 120 ,15.93
1729812,sition: 124 ,16.68
1729862,sition: 124 ,16.93
1729922,sition: 124 ,17.68
1729972,sition: 124 ,17.68
1730022,sition: 124 ,17.92
1730083,sition: 128 ,17.68
1730133,sition: 128 ,17.93
1730183,sition: 128 ,18.17
1730243,sition: 128 ,18.17
1730293,sition: 128 ,17.92
1730343,sition: 132 ,17.93
1730404,sition: 132 ,18.17
1730454,sition: 132 ,17.68
1730504,sition: 132 ,16.93
1730565,sition: 132 ,15.18
1730615,sition: 136 ,15.18
1730665,sition: 136 ,15.43
1730725,sition: 136 ,15.93
1730775,sition: 136 ,16.43
1730825,sition: 136 ,16.68
1730884,sition: 140 ,17.68
1730934,sition: 140 ,17.68
1730984,sition: 140 ,18.17
1731045,sition: 140 ,17.93
1731095,sition: 140 ,18.17
1731145,sition: 144 ,18.17
1731206,sition: 144 ,17.93
1731256,sition: 144 ,18.17
1731306,sition: 144 ,18.42
1731367,sition: 144 ,18.42
1731417,sition: 148 ,18.17
1731467,sition: 148 ,17.43
1731527,sition: 148 ,15.43
1731577,sition: 148 ,15.43
1731627,sition: 148 ,15.43
1731687,sition: 152 ,15.93
1731737,sition: 152 ,16.43
1731787,sition: 152 ,16.93
1731848,sition: 152 ,17.93
1731898,sition: 152 ,18.17
1731948,sition: 156 ,18.17
1732009,sition: 156 ,18.42
1732059,sition: 156 ,18.17
1732109,sition: 156 ,18.42
1732170,sition: 156 ,18.42
1732221,sition: 156 ,18.42
1732271,sition: 156 ,18.42
1732332,sition: 156 ,18.42
1732382,sition: 156 ,18.42
1732432,sition: 156 ,17.18
1732493,sition: 156 ,15.68
1732543,sition: 156 ,15.43
1732593,sition: 156 ,15.43
1732653,sition: 156 ,16.18
1732703,sition: 156 ,16.68
1732753,sition: 156 ,17.18
1732814,sition: 156 ,17.93
1732864,sition: 156 ,18.17
1732914,sition: 156 ,17.93
1732976,sition: 156 ,18.42
1733026,sition: 156 ,18.17
1733076,sition: 156 ,18.17
1733137,sition: 156 ,18.42
1733187,sition: 156 ,18.42
1733237,sition: 156 ,18.42
1733299,sition: 152 ,18.42
1733349,sition: 152 ,16.93
1733399,sition: 152 ,16.43
1733459,sition: 152 ,15.68
1733509,sition: 152 ,15.43
1733559,sition: 148 ,15.93
1733620,sition: 148 ,16.68
1733670,sition: 148 ,17.18
1733720,sition: 148 ,17.43
1733781,sition: 148 ,17.93
1733831,sition: 144 ,18.17
1733881,sition: 144 ,17.93
1733943,sition: 144 ,18.18
1733993,sition: 144 ,18.42
1734043,sition: 144 ,18.42
1734104,sition: 140 ,18.42
1734154,sition: 140 ,18.42
1734204,sition: 140 ,18.42
1734266,sition: 140 ,16.68
1734316,sition: 140 ,15.93
1734366,sition: 136 ,15.93
1734427,sition: 136 ,15.43
1734477,sition: 136 ,15.68
1734527,sition: 136 ,15.93
1734586,sition: 136 ,17.18
1734636,sition: 132 ,17.43
1734686,sition: 132 ,17.93
1734746,sition: 132 ,17.93
1734796,sition: 132 ,17.93
1734846,sition: 128 ,17.93
1734908,sition: 128 ,17.93
1734958,sition: 128 ,17.93
1735008,sition: 128 ,18.42
1735069,sition: 124 ,18.17
1735119,sition: 124 ,18.17
1735169,sition: 124 ,17.68
1735228,sition: 124 ,15.68
1735278,sition: 124 ,15.43
1735328,sition: 120 ,15.18
1735389,sition: 120 ,15.43
1735439,sition: 120 ,16.18
1735489,sition: 120 ,16.43
1735548,sition: 116 ,17.18
1735598,sition: 116 ,17.43
1735648,sition: 116 ,17.68
1735708,sition: 116 ,17.93
1735759,sition: 112 ,17.68
1735809,sition: 112 ,17.43
1735870,sition: 112 ,17.68
1735920,sition: 112 ,17.43
1735970,sition: 112 ,17.68
1736031,sition: 108 ,17.93
1736081,sition: 108 ,16.68
1736131,sition: 108 ,15.43
1736192,sition: 108 ,14.44
1736242,sition: 104 ,14.44
1736293,sition: 104 ,14.44
1736354,sition: 104 ,14.93
1736404,sition: 104 ,15.68
1736454,sition: 100 ,16.43
1736514,sition: 100 ,16.93
1736564,sition: 100 ,16.68
1736614,sition: 100 ,16.68
1736674,sition: 96 ,16.93
1736724,sition: 96 ,16.68
1736774,sition: 96 ,16.68
1736836,sition: 96 ,16.68
1736886,sition: 96 ,16.93
1736936,sition: 92 ,16.93
1736998,sition: 92 ,15.68
1737048,sition: 92 ,14.44
1737098,sition: 92 ,13.69
1737160,sition: 88 ,13.44
1737210,sition: 88 ,13.44
1737260,sition: 88 ,13.69
1737321,sition: 88 ,14.44
1737371,sition: 84 ,15.43
1737421,sition: 84 ,15.43
1737484,sition: 84 ,15.68
1737534,sition: 84 ,15.69
1737584,sition: 80 ,15.69
1737646,sition: 80 ,15.68
1737696,sition: 80 ,15.44
1737746,sition: 80 ,15.44
1737808,sition: 80 ,15.69
1737858,sition: 76 ,15.69
1737908,sition: 76 ,15.69
1737970,sition: 76 ,13.69
1738020,sition: 72 ,12.69
1738070,sition: 72 ,12.19
1738131,sition: 72 ,11.69
1738182,sition: 72 ,11.94
1738232,sition: 72 ,12.69
1738291,sition: 68 ,13.69
1738341,sition: 68 ,13.69
1738391,sition: 68 ,13.69
1738448,sition: 64 ,13.69
1738498,sition: 64 ,13.69
1738549,sition: 64 ,13.69
1738606,sition: 64 ,13.69
1738656,sition: 64 ,13.69
1738706,sition: 60 ,13.69
1738764,sition: 60 ,13.69
1738814,sition: 60 ,13.69
1738864,sition: 60 ,13.69
1738923,sition: 56 ,10.45
1738973,sition: 56 ,9.70
1739023,sition: 56 ,9.95
1739083,sition: 56 ,10.20
1739133,sition: 56 ,10.70
1739183,sition: 52 ,10.70
1739245,sition: 52 ,10.70
1739296,sition: 52 ,10.70
1739346,sition: 52 ,10.70
1739408,sition: 48 ,10.70
1739458,sition: 48 ,14.98
1739508,sition: 48 ,14.98
1739569,sition: 48 ,14.98
1739619,sition: 48 ,14.98
1739669,sition: 44 ,14.98
1739730,sition: 44 ,15.27
1739780,sition: 44 ,15.27
1739830,sition: 44 ,8.70
1739888,sition: 40 ,7.95
1739938,sition: 40 ,7.71
1739988,sition: 40 ,8.21
1740047,sition: 40 ,8.46
1740097,sition: 36 ,8.46
1740147,sition: 36 ,8.46
1740204,sition: 36 ,8.46
1740254,sition: 36 ,8.46
1740304,sition: 36 ,8.46
1740360,sition: 32 ,8.46
1740410,sition: 32 ,8.46
1740460,sition: 32 ,8.46
1740516,sition: 32 ,8.46
1740566,sition: 28 ,8.46
1740635,sition: 28 ,8.46
1740685,sition: 28 ,8.46
1740752,sition: 28 ,8.46
1740802,sition: 24 ,6.46
1740852,sition: 24 ,5.46
1740910,sition: 24 ,5.21
1740960,sition: 24 ,5.46
1741010,sition: 24 ,5.96
1741068,sition: 20 ,5.96
1741119,sition: 20 ,5.96
1741169,sition: 20 ,5.96
1741225,sition: 20 ,5.96
1741275,sition: 16 ,5.96
1741325,sition: 16 ,5.96
1741382,sition: 16 ,4.97
1741432,sition: 12 ,4.72
1741482,sition: 12 ,3.72
1741540,sition: 12 ,2.72
1741590,sition: 12 ,2.22
1741640,sition: 8 ,2.23
1741697,sition: 8 ,1.99
1741747,sition: 8 ,1.99
1741797,sition: 8 ,1.99
1741853,sition: 4 ,1.99
1741903,sition: 4 ,1.99
1741953,sition: 4 ,1.99
1742011,sition: 4 ,1.99
1742061,sition: 4 ,1.99
1742111,sition: 4 ,1.99
1742168,sition: 4 ,1.99
1742218,sition: 4 ,1.99
1742268,sition: 4 ,1.99
1742324,sition: 0 ,1.00
1742374,sition: 0 ,-1.00
1742424,sition: 0 ,-2.75
1742485,sition: 0 ,-3.00
1742535,sition: 0 ,-2.25
1742585,sition: 0 ,-1.25
1742646,sition: 0 ,0.25
1742696,sition: 0 ,0.75
1742764,sition: 0 ,1.00
1742814,sition: 0 ,1.00
1742879,sition: 0 ,1.00
1742929,sition: 0 ,1.00
1742998,sition: 0 ,1.00
1743048,sition: 0 ,1.00
1743114,sition: 0 ,1.00
1743164,sition: 0 ,1.00
1743233,sition: 0 ,1.25
1743283,sition: 0 ,0.75
1743349,sition: 0 ,-1.50
1743399,sition: 0 ,-3.00
1743449,sition: 0 ,-3.25
1743510,sition: 0 ,-2.25
1743560,sition: 0 ,-1.50
1743610,sition: 0 ,-1.00
1743666,sition: 0 ,0.50
1743716,sition: 0 ,0.75
1743766,sition: 0 ,0.75
1743823,sition: 0 ,0.75
1743873,sition: 0 ,1.00
1743942,sition: 0 ,1.00
1743992,sition: 0 ,0.75
