T,motor,stretch
2882814,sition: 0 ,0.00
2882882,sition: 0 ,-0.25
2882932,sition: 0 ,0.00
2882988,sition: 0 ,0.00
2883038,sition: 0 ,0.00
2883099,sition: 0 ,0.25
2883149,sition: 0 ,-2.23
2883199,sition: 0 ,-3.72
2883256,sition: 0 ,-5.45
2883306,sition: 0 ,-4.21
2883356,sition: 0 ,-2.73
2883413,sition: 0 ,-0.74
2883464,sition: 0 ,-0.25
2883528,sition: 0 ,0.00
2883578,sition: 0 ,0.00
2883636,sition: 0 ,0.00
2883686,sition: 0 ,0.00
2883749,sition: 1 ,0.00
2883799,sition: 1 ,0.00
2883861,sition: 1 ,-1.49
2883911,sition: 2 ,-4.21
2883980,sition: 2 ,-5.20
2884030,sition: 2 ,-4.71
2884097,sition: 2 ,-1.49
2884147,sition: 3 ,-0.25
2884212,sition: 3 ,0.25
2884262,sition: 3 ,0.00
2884321,sition: 4 ,0.00
2884371,sition: 4 ,0.00
2884433,sition: 4 ,0.25
2884483,sition: 4 ,0.25
2884548,sition: 5 ,0.00
2884598,sition: 5 ,-2.23
2884664,sition: 5 ,-5.45
2884714,sition: 6 ,-4.95
2884764,sition: 6 ,-4.21
2884821,sition: 6 ,-1.24
2884871,sition: 6 ,-0.25
2884936,sition: 7 ,0.00
2884986,sition: 7 ,0.00
2885048,sition: 7 ,0.25
2885098,sition: 7 ,0.25
2885165,sition: 8 ,0.25
2885215,sition: 8 ,0.25
2885276,sition: 8 ,0.00
2885326,sition: 9 ,-2.73
2885393,sition: 9 ,-5.45
2885443,sition: 9 ,-5.20
2885493,sition: 9 ,-3.96
2885552,sition: 10 ,-0.99
2885602,sition: 10 ,-0.25
2885668,sition: 10 ,0.25
2885718,sition: 10 ,0.25
2885782,sition: 11 ,0.25
2885832,sition: 11 ,0.25
2885892,sition: 11 ,0.25
2885942,sition: 11 ,0.25
2886011,sition: 12 ,-0.25
2886061,sition: 12 ,-3.47
2886126,sition: 12 ,-5.45
2886176,sition: 13 ,-4.46
2886242,sition: 13 ,-2.23
2886292,sition: 13 ,-0.75
2886357,sition: 14 ,0.00
2886407,sition: 14 ,0.00
2886469,sition: 14 ,0.25
2886519,sition: 14 ,0.25
2886588,sition: 15 ,0.25
2886638,sition: 15 ,0.25
2886702,sition: 15 ,0.25
2886752,sition: 15 ,-1.49
2886802,sition: 16 ,-2.97
2886859,sition: 16 ,-5.45
2886909,sition: 16 ,-4.71
2886976,sition: 17 ,-2.23
2887026,sition: 17 ,-0.75
2887090,sition: 17 ,0.00
2887140,sition: 17 ,0.00
2887202,sition: 18 ,0.25
2887252,sition: 18 ,0.25
2887316,sition: 18 ,0.25
2887366,sition: 18 ,0.25
2887434,sition: 19 ,0.25
2887484,sition: 19 ,-1.98
2887551,sition: 19 ,-4.95
2887601,sition: 20 ,-4.95
2887651,sition: 20 ,-3.96
2887710,sition: 20 ,-0.99
2887760,sition: 20 ,0.00
2887826,sition: 21 ,0.50
2887876,sition: 21 ,0.50
2887940,sition: 21 ,0.74
2887990,sition: 21 ,0.74
2888057,sition: 22 ,0.99
2888107,sition: 22 ,0.99
2888170,sition: 22 ,0.99
2888220,sition: 23 ,-1.24
2888290,sition: 23 ,-3.96
2888340,sition: 23 ,-3.72
2888406,sition: 23 ,-1.24
2888457,sition: 24 ,-0.00
2888521,sition: 24 ,1.24
2888571,sition: 24 ,1.24
2888638,sition: 25 ,1.49
2888688,sition: 25 ,1.49
2888753,sition: 25 ,1.73
2888803,sition: 25 ,1.73
2888871,sition: 26 ,1.98
2888921,sition: 26 ,2.23
2888987,sition: 26 ,-2.23
2889037,sition: 27 ,-2.97
2889106,sition: 27 ,-1.00
2889156,sition: 27 ,-0.50
2889218,sition: 27 ,1.73
2889268,sition: 28 ,1.98
2889334,sition: 28 ,2.23
2889384,sition: 28 ,2.47
2889450,sition: 29 ,2.47
2889500,sition: 29 ,2.72
2889567,sition: 29 ,2.72
2889617,sition: 29 ,2.72
2889684,sition: 30 ,-1.00
2889734,sition: 30 ,-1.74
2889802,sition: 30 ,-1.24
2889852,sition: 31 ,-0.01
2889919,sition: 31 ,2.47
2889969,sition: 31 ,2.72
2890034,sition: 31 ,2.97
2890084,sition: 32 ,3.21
2890148,sition: 32 ,3.46
2890198,sition: 32 ,3.46
2890248,sition: 33 ,3.46
2890304,sition: 33 ,3.71
2890354,sition: 33 ,3.71
2890423,sition: 33 ,-0.01
2890473,sition: 34 ,-1.00
2890540,sition: 34 ,0.49
2890590,sition: 34 ,0.99
2890654,sition: 34 ,3.21
2890704,sition: 35 ,3.71
2890770,sition: 35 ,3.96
2890820,sition: 35 ,3.96
2890883,sition: 36 ,3.96
2890933,sition: 36 ,3.96
2890995,sition: 36 ,3.96
2891045,sition: 36 ,3.96
2891095,sition: 37 ,4.45
2891151,sition: 37 ,0.74
2891201,sition: 37 ,-0.01
2891270,sition: 37 ,1.23
2891320,sition: 38 ,1.98
2891385,sition: 38 ,4.45
2891435,sition: 38 ,4.45
2891499,sition: 39 ,4.95
2891549,sition: 39 ,4.95
2891615,sition: 39 ,4.95
2891665,sition: 39 ,4.95
2891728,sition: 40 ,4.95
2891778,sition: 40 ,4.95
2891841,sition: 40 ,3.71
2891891,sition: 41 ,1.48
2891956,sition: 41 ,1.73
2892006,sition: 41 ,2.22
2892070,sition: 41 ,4.20
2892120,sition: 42 ,4.20
2892170,sition: 42 ,4.20
2892228,sition: 42 ,4.20
2892278,sition: 42 ,4.20
2892328,sition: 43 ,4.20
2892385,sition: 43 ,4.20
2892435,sition: 43 ,4.20
2892485,sition: 43 ,4.20
2892541,sition: 44 ,4.70
2892591,sition: 44 ,2.72
2892660,sition: 44 ,1.98
2892710,sition: 45 ,2.97
2892777,sition: 45 ,4.95
2892827,sition: 45 ,4.95
2892892,sition: 45 ,4.95
2892942,sition: 46 ,4.95
2892992,sition: 46 ,4.95
2893049,sition: 46 ,4.95
2893099,sition: 46 ,4.95
2893149,sition: 47 ,4.95
2893207,sition: 47 ,4.95
2893257,sition: 47 ,4.95
2893307,sition: 48 ,4.20
2893366,sition: 48 ,2.97
2893416,sition: 48 ,3.71
2893483,sition: 48 ,5.44
2893533,sition: 49 ,5.44
2893597,sition: 49 ,5.44
2893647,sition: 49 ,5.44
2893711,sition: 49 ,5.44
2893761,sition: 50 ,5.44
2893827,sition: 50 ,5.44
2893877,sition: 50 ,5.44
2893942,sition: 51 ,5.44
2893992,sition: 51 ,5.44
2894060,sition: 51 ,4.20
2894110,sition: 51 ,3.96
2894177,sition: 52 ,5.19
2894227,sition: 52 ,6.43
2894294,sition: 52 ,6.43
2894344,sition: 53 ,6.43
2894407,sition: 53 ,6.43
2894457,sition: 53 ,6.43
2894507,sition: 53 ,6.43
2894562,sition: 54 ,6.43
2894612,sition: 54 ,6.43
2894679,sition: 54 ,6.43
2894729,sition: 54 ,6.43
2894795,sition: 55 ,4.95
2894845,sition: 55 ,5.44
2894895,sition: 55 ,5.94
2894952,sition: 56 ,6.43
2895002,sition: 56 ,6.43
2895070,sition: 56 ,6.43
2895120,sition: 56 ,6.43
2895189,sition: 57 ,6.43
2895239,sition: 57 ,6.43
2895306,sition: 57 ,6.43
2895356,sition: 58 ,6.43
2895406,sition: 58 ,6.43
2895463,sition: 58 ,6.93
2895513,sition: 58 ,5.94
2895563,sition: 59 ,5.94
2895621,sition: 59 ,6.93
2895671,sition: 59 ,6.93
2895721,sition: 59 ,6.93
2895778,sition: 60 ,6.93
2895828,sition: 60 ,6.93
2895896,sition: 60 ,6.93
2895946,sition: 60 ,6.93
2896013,sition: 61 ,6.93
2896063,sition: 61 ,6.93
2896113,sition: 61 ,6.93
2896169,sition: 62 ,6.93
2896219,sition: 62 ,6.93
2896269,sition: 62 ,6.93
2896328,sition: 62 ,7.42
2896378,sition: 63 ,8.16
2896444,sition: 63 ,8.16
2896494,sition: 63 ,8.16
2896544,sition: 63 ,8.16
2896600,sition: 64 ,8.16
2896650,sition: 64 ,8.16
2896719,sition: 64 ,7.92
2896769,sition: 64 ,8.16
2896836,sition: 65 ,8.16
2896886,sition: 65 ,8.16
2896936,sition: 65 ,8.16
2896994,sition: 66 ,7.67
2897044,sition: 66 ,7.92
2897094,sition: 66 ,8.66
2897151,sition: 66 ,8.66
2897201,sition: 67 ,8.66
2897251,sition: 67 ,8.66
2897307,sition: 67 ,8.66
2897357,sition: 67 ,8.66
2897407,sition: 68 ,8.66
2897465,sition: 68 ,8.66
2897515,sition: 68 ,8.66
2897583,sition: 68 ,8.66
2897633,sition: 69 ,8.66
2897700,sition: 69 ,8.41
2897750,sition: 69 ,8.91
2897800,sition: 70 ,8.91
2897857,sition: 70 ,8.91
2897907,sition: 70 ,8.91
2897973,sition: 70 ,8.91
2898023,sition: 71 ,8.91
2898073,sition: 71 ,8.91
2898129,sition: 71 ,8.91
2898179,sition: 71 ,8.91
2898229,sition: 72 ,8.91
2898285,sition: 72 ,8.91
2898335,sition: 72 ,8.91
2898385,sition: 72 ,9.65
2898443,sition: 73 ,9.40
2898493,sition: 73 ,9.90
2898543,sition: 73 ,9.90
2898601,sition: 73 ,9.90
2898651,sition: 74 ,9.90
2898719,sition: 74 ,9.90
2898769,sition: 74 ,9.90
2898834,sition: 75 ,9.90
2898884,sition: 75 ,9.90
2898950,sition: 75 ,9.90
2899000,sition: 75 ,9.90
2899065,sition: 76 ,9.90
2899116,sition: 76 ,10.14
2899166,sition: 76 ,9.90
2899228,sition: 77 ,10.64
2899278,sition: 77 ,10.64
2899328,sition: 77 ,10.64
2899389,sition: 77 ,10.64
2899439,sition: 78 ,10.64
2899489,sition: 78 ,10.64
2899550,sition: 78 ,10.64
2899600,sition: 78 ,10.64
2899650,sition: 79 ,10.64
2899710,sition: 79 ,10.64
2899761,sition: 79 ,10.64
2899811,sition: 80 ,10.39
2899874,sition: 80 ,10.39
2899924,sition: 80 ,10.39
2899974,sition: 80 ,10.39
2900035,sition: 81 ,10.39
2900085,sition: 81 ,10.39
2900135,sition: 81 ,10.39
2900196,sition: 81 ,10.15
2900246,sition: 82 ,10.39
2900296,sition: 82 ,10.39
2900357,sition: 82 ,10.39
2900407,sition: 83 ,10.39
2900457,sition: 83 ,10.39
2900519,sition: 83 ,11.14
2900569,sition: 83 ,11.38
2900638,sition: 84 ,11.63
2900688,sition: 84 ,11.63
2900738,sition: 84 ,11.63
2900799,sition: 84 ,11.63
2900849,sition: 85 ,11.63
2900899,sition: 85 ,11.63
2900960,sition: 85 ,11.63
2901010,sition: 86 ,11.63
2901060,sition: 86 ,11.63
2901122,sition: 86 ,12.37
2901172,sition: 86 ,12.37
2901222,sition: 87 ,12.37
2901283,sition: 87 ,12.37
2901333,sition: 87 ,12.37
2901383,sition: 87 ,12.37
2901442,sition: 88 ,12.37
2901492,sition: 88 ,12.37
2901542,sition: 88 ,12.87
2901601,sition: 88 ,11.88
2901651,sition: 89 ,12.37
2901701,sition: 89 ,12.37
2901762,sition: 89 ,12.37
2901812,sition: 90 ,12.37
2901862,sition: 90 ,12.37
2901923,sition: 90 ,12.37
2901973,sition: 90 ,12.37
2902023,sition: 91 ,12.37
2902084,sition: 91 ,12.37
2902134,sition: 91 ,12.62
2902184,sition: 91 ,12.38
2902248,sition: 92 ,12.87
2902298,sition: 92 ,12.87
2902348,sition: 92 ,12.87
2902409,sition: 92 ,12.87
2902459,sition: 93 ,12.87
2902509,sition: 93 ,12.87
2902570,sition: 93 ,12.87
2902620,sition: 94 ,12.87
2902670,sition: 94 ,12.87
2902731,sition: 94 ,12.87
2902781,sition: 94 ,12.87
2902831,sition: 95 ,13.12
2902892,sition: 95 ,12.87
2902942,sition: 95 ,13.12
2902992,sition: 95 ,13.86
2903051,sition: 96 ,13.86
2903101,sition: 96 ,13.86
2903151,sition: 96 ,13.86
2903207,sition: 96 ,13.86
2903257,sition: 97 ,13.86
2903324,sition: 97 ,13.86
2903374,sition: 97 ,13.86
2903424,sition: 98 ,13.86
2903482,sition: 98 ,13.86
2903532,sition: 98 ,13.61
2903582,sition: 98 ,13.61
2903644,sition: 99 ,14.11
2903694,sition: 100 ,14.11
2903744,sition: 100 ,14.11
2903806,sition: 100 ,14.11
2903856,sition: 100 ,14.11
2903906,sition: 100 ,14.11
2903969,sition: 100 ,14.11
2904019,sition: 100 ,14.11
2904069,sition: 100 ,14.11
2904131,sition: 100 ,13.86
2904181,sition: 100 ,13.86
2904231,sition: 100 ,14.11
2904290,sition: 100 ,14.11
2904340,sition: 100 ,14.11
2904406,sition: 100 ,14.11
2904456,sition: 100 ,14.11
2904507,sition: 100 ,14.11
2904565,sition: 100 ,14.11
2904615,sition: 100 ,14.11
2904665,sition: 100 ,14.11
2904722,sition: 100 ,14.11
2904772,sition: 100 ,14.60
2904841,sition: 100 ,13.86
2904891,sition: 100 ,14.11
2904958,sition: 100 ,14.11
2905008,sition: 100 ,14.11
2905075,sition: 100 ,14.11
2905125,sition: 100 ,14.11
2905175,sition: 100 ,14.11
2905234,sition: 100 ,14.11
2905284,sition: 100 ,14.11
2905334,sition: 100 ,14.11
2905391,sition: 100 ,14.11
2905441,sition: 100 ,13.86
2905491,sition: 100 ,13.86
2905554,sition: 100 ,14.60
2905604,sition: 100 ,14.60
2905654,sition: 100 ,14.60
2905717,sition: 100 ,14.60
2905767,sition: 100 ,14.60
2905817,sition: 100 ,14.60
2905879,sition: 100 ,14.60
2905929,sition: 100 ,14.60
2905980,sition: 100 ,14.60
2906041,sition: 100 ,14.60
2906091,sition: 100 ,13.86
2906160,sition: 100 ,14.11
2906210,sition: 100 ,14.11
2906260,sition: 100 ,14.85
2906319,sition: 100 ,14.85
2906369,sition: 100 ,14.85
2906435,sition: 100 ,14.85
2906485,sition: 100 ,14.85
2906535,sition: 100 ,14.85
2906594,sition: 100 ,14.85
2906644,sition: 100 ,14.85
2906694,sition: 100 ,14.85
2906754,sition: 100 ,13.86
2906804,sition: 100 ,13.86
2906854,sition: 100 ,14.35
2906918,sition: 100 ,14.35
2906968,sition: 100 ,14.35
2907018,sition: 100 ,14.35
2907080,sition: 100 ,14.35
2907130,sition: 100 ,14.35
2907180,sition: 100 ,14.35
2907240,sition: 100 ,14.35
2907290,sition: 100 ,14.35
2907341,sition: 100 ,14.35
2907402,sition: 100 ,14.11
2907452,sition: 100 ,14.11
2907502,sition: 100 ,14.11
2907565,sition: 100 ,15.10
2907615,sition: 100 ,15.10
2907665,sition: 100 ,15.10
2907727,sition: 100 ,15.10
2907777,sition: 100 ,15.10
2907827,sition: 100 ,15.10
2907889,sition: 100 ,15.10
2907939,sition: 100 ,15.10
2907989,sition: 100 ,15.10
2908052,sition: 100 ,14.11
2908102,sition: 100 ,13.86
2908152,sition: 100 ,14.11
2908214,sition: 100 ,14.60
2908264,sition: 100 ,14.60
2908314,sition: 100 ,14.60
2908376,sition: 100 ,14.60
2908426,sition: 100 ,14.60
2908476,sition: 100 ,14.60
2908538,sition: 100 ,14.60
2908588,sition: 100 ,14.60
2908638,sition: 100 ,14.60
2908701,sition: 100 ,14.35
2908751,sition: 100 ,13.86
2908801,sition: 100 ,14.11
2908859,sition: 100 ,14.11
2908909,sition: 100 ,14.11
2908976,sition: 100 ,14.11
2909026,sition: 100 ,14.11
2909076,sition: 100 ,14.11
2909133,sition: 100 ,14.11
2909183,sition: 100 ,14.11
2909233,sition: 100 ,14.11
2909291,sition: 100 ,14.11
2909342,sition: 100 ,13.86
2909392,sition: 100 ,14.11
2909453,sition: 100 ,14.36
2909503,sition: 100 ,14.36
2909573,sition: 100 ,14.36
2909623,sition: 100 ,14.36
2909673,sition: 100 ,14.36
2909734,sition: 100 ,14.36
2909784,sition: 100 ,14.36
2909834,sition: 100 ,14.36
2909898,sition: 100 ,14.36
2909948,sition: 100 ,14.36
2910017,sition: 100 ,13.86
2910067,sition: 100 ,14.11
2910117,sition: 100 ,14.36
2910178,sition: 100 ,14.36
2910228,sition: 100 ,14.36
2910279,sition: 100 ,14.36
2910341,sition: 100 ,14.36
2910391,sition: 100 ,14.36
2910441,sition: 100 ,14.36
2910504,sition: 100 ,14.36
2910554,sition: 100 ,14.36
2910624,sition: 100 ,14.35
2910674,sition: 100 ,14.11
2910724,sition: 100 ,14.36
2910784,sition: 100 ,14.85
2910834,sition: 100 ,14.85
2910884,sition: 100 ,14.85
2910943,sition: 100 ,14.85
2910993,sition: 100 ,14.85
2911043,sition: 100 ,14.85
2911103,sition: 100 ,14.85
2911153,sition: 100 ,14.60
2911203,sition: 100 ,14.85
2911263,sition: 100 ,14.11
2911313,sition: 100 ,14.11
2911364,sition: 100 ,14.11
2911425,sition: 100 ,14.60
2911475,sition: 100 ,14.60
2911525,sition: 100 ,14.60
2911588,sition: 100 ,14.60
2911638,sition: 100 ,14.60
2911688,sition: 100 ,14.60
2911750,sition: 100 ,14.60
2911800,sition: 100 ,14.60
2911869,sition: 100 ,14.60
2911919,sition: 100 ,14.11
2911969,sition: 100 ,14.11
2912032,sition: 100 ,14.11
2912082,sition: 100 ,14.11
2912132,sition: 100 ,14.11
2912194,sition: 100 ,14.11
2912244,sition: 100 ,14.11
2912294,sition: 100 ,14.11
2912356,sition: 100 ,14.11
2912406,sition: 100 ,14.11
2912456,sition: 100 ,14.11
2912518,sition: 100 ,14.11
2912568,sition: 100 ,14.60
2912618,sition: 100 ,14.60
2912680,sition: 100 ,14.60
2912730,sition: 100 ,14.60
2912780,sition: 100 ,14.60
2912843,sition: 100 ,14.35
2912893,sition: 100 ,14.60
2912943,sition: 100 ,14.60
2913005,sition: 100 ,14.60
2913056,sition: 100 ,14.35
2913106,sition: 100 ,14.11
2913168,sition: 100 ,14.60
2913218,sition: 100 ,14.60
2913269,sition: 100 ,14.60
2913331,sition: 100 ,14.60
2913381,sition: 100 ,14.60
2913431,sition: 100 ,14.60
2913493,sition: 100 ,14.60
2913543,sition: 100 ,14.60
2913593,sition: 100 ,14.60
2913655,sition: 100 ,14.60
2913705,sition: 99 ,14.11
2913755,sition: 99 ,14.11
2913817,sition: 98 ,14.35
2913867,sition: 97 ,14.35
2913917,sition: 97 ,14.35
2913981,sition: 96 ,14.35
2914031,sition: 95 ,14.35
2914101,sition: 94 ,14.35
2914151,sition: 94 ,14.11
2914201,sition: 93 ,14.35
2914262,sition: 92 ,13.86
2914312,sition: 92 ,13.61
2914362,sition: 91 ,13.61
2914424,sition: 90 ,13.61
2914474,sition: 90 ,13.61
2914524,sition: 89 ,13.61
2914586,sition: 88 ,13.61
2914636,sition: 88 ,13.61
2914686,sition: 87 ,13.36
2914747,sition: 86 ,13.36
2914797,sition: 86 ,13.61
2914847,sition: 85 ,13.61
2914908,sition: 84 ,12.62
2914958,sition: 84 ,12.87
2915027,sition: 83 ,12.87
2915077,sition: 82 ,12.87
2915127,sition: 82 ,12.62
2915188,sition: 81 ,12.62
2915238,sition: 80 ,12.87
2915288,sition: 80 ,12.62
2915350,sition: 79 ,12.62
2915400,sition: 78 ,12.62
2915450,sition: 78 ,12.87
2915512,sition: 77 ,12.87
2915562,sition: 76 ,12.87
2915612,sition: 76 ,12.87
2915673,sition: 75 ,12.87
2915723,sition: 74 ,12.62
2915773,sition: 74 ,12.62
2915835,sition: 73 ,12.62
2915885,sition: 72 ,12.87
2915935,sition: 72 ,12.62
2915996,sition: 71 ,12.62
2916046,sition: 70 ,12.62
2916096,sition: 70 ,12.62
2916157,sition: 69 ,12.62
2916207,sition: 68 ,12.62
2916275,sition: 67 ,12.62
2916325,sition: 67 ,12.62
2916375,sition: 66 ,12.87
2916437,sition: 65 ,12.62
2916487,sition: 65 ,12.62
2916537,sition: 64 ,12.62
2916597,sition: 63 ,9.65
2916647,sition: 63 ,9.40
2916697,sition: 62 ,9.40
2916755,sition: 61 ,9.65
2916805,sition: 61 ,9.40
2916873,sition: 60 ,9.40
2916923,sition: 59 ,9.40
2916989,sition: 58 ,9.40
2917039,sition: 58 ,9.40
2917089,sition: 57 ,9.40
2917146,sition: 56 ,9.40
2917196,sition: 56 ,8.16
2917246,sition: 55 ,7.92
2917304,sition: 54 ,8.16
2917354,sition: 54 ,8.16
2917404,sition: 53 ,8.16
2917460,sition: 52 ,7.92
2917510,sition: 52 ,7.92
2917578,sition: 51 ,7.92
2917628,sition: 50 ,7.92
2917696,sition: 49 ,7.92
2917746,sition: 49 ,6.68
2917813,sition: 48 ,6.68
2917863,sition: 47 ,6.43
2917913,sition: 47 ,6.43
2917969,sition: 46 ,6.43
2918019,sition: 45 ,6.43
2918086,sition: 44 ,6.43
2918136,sition: 44 ,6.43
2918186,sition: 43 ,6.43
2918244,sition: 42 ,6.43
2918294,sition: 42 ,5.19
2918344,sition: 41 ,4.20
2918401,sition: 40 ,4.70
2918451,sition: 40 ,5.44
2918519,sition: 39 ,5.19
2918569,sition: 38 ,5.19
2918635,sition: 37 ,5.19
2918685,sition: 37 ,5.44
2918735,sition: 36 ,5.19
2918796,sition: 35 ,-41.88
2918846,sition: 35 ,3.71
2918914,sition: 34 ,1.98
2918964,sition: 33 ,2.47
2919029,sition: 32 ,4.45
2919079,sition: 32 ,4.20
2919129,sition: 31 ,4.20
2919186,sition: 30 ,4.20
2919236,sition: 30 ,4.20
2919304,sition: 29 ,4.20
2919354,sition: 28 ,-41.99
2919422,sition: 27 ,1.23
2919472,sition: 27 ,0.74
2919537,sition: 26 ,0.99
2919587,sition: 25 ,2.47
2919655,sition: 24 ,4.21
2919705,sition: 24 ,4.21
2919769,sition: 23 ,3.96
2919819,sition: 22 ,3.96
2919885,sition: 21 ,3.71
2919935,sition: 21 ,3.21
2920002,sition: 20 ,-0.25
2920053,sition: 19 ,-0.50
2920118,sition: 18 ,1.73
2920168,sition: 18 ,2.22
2920234,sition: 17 ,3.22
2920284,sition: 16 ,3.21
2920349,sition: 15 ,3.46
2920399,sition: 15 ,3.22
2920449,sition: 14 ,3.46
2920505,sition: 13 ,1.98
2920555,sition: 13 ,0.49
2920605,sition: 12 ,-0.75
2920663,sition: 11 ,0.24
2920713,sition: 11 ,1.23
2920779,sition: 10 ,2.72
2920829,sition: 9 ,2.97
2920893,sition: 8 ,3.22
2920943,sition: 8 ,2.97
2921008,sition: 7 ,3.21
2921058,sition: 6 ,2.72
2921108,sition: 6 ,0.74
2921166,sition: 5 ,-1.00
2921216,sition: 0 ,-0.75
2921266,sition: 0 ,0.49
2921321,sition: 0 ,2.22
2921371,sition: 0 ,2.47
2921437,sition: 0 ,2.72
2921487,sition: 0 ,2.72
2921547,sition: 0 ,2.72
2921597,sition: 0 ,2.97
2921664,sition: 0 ,0.74
2921714,sition: 0 ,-0.50
2921780,sition: 0 ,-1.00
2921830,sition: 0 ,-0.25
2921898,sition: 0 ,1.98
2921948,sition: 0 ,2.47
2922012,sition: 0 ,2.72
2922062,sition: 0 ,2.72
2922125,sition: 0 ,2.97
2922175,sition: 0 ,2.97
2922244,sition: 0 ,0.99
2922294,sition: 0 ,-0.25
2922362,sition: 0 ,-1.24
2922412,sition: 0 ,-0.01
2922462,sition: 0 ,0.99
2922519,sition: 0 ,2.22
2922569,sition: 0 ,2.47
2922632,sition: 0 ,2.72
2922682,sition: 0 ,2.72
2922749,sition: 0 ,2.72
2922799,sition: 0 ,2.72
