T,motor,stretch
411742,sition: 0 ,0.00
411792,sition: 0 ,0.00
411842,sition: 0 ,0.00
411892,sition: 0 ,0.00
411942,sition: 0 ,0.00
411992,sition: 0 ,0.00
412042,sition: 0 ,0.00
412092,sition: 0 ,0.00
412142,sition: 0 ,0.00
412192,sition: 0 ,0.00
412242,sition: 0 ,0.00
412292,sition: 0 ,0.00
412342,sition: 0 ,0.00
412392,sition: 0 ,0.00
412442,sition: 0 ,0.00
412492,sition: 0 ,0.00
412542,sition: 0 ,0.00
412592,sition: 0 ,0.00
412642,sition: 0 ,0.00
412692,sition: 0 ,0.00
412742,sition: 0 ,0.00
412792,sition: 0 ,0.00
412842,sition: 0 ,0.00
412892,sition: 0 ,0.00
412942,sition: 0 ,0.00
412992,sition: 0 ,0.00
413042,sition: 0 ,0.00
413092,sition: 0 ,0.00
413142,sition: 0 ,0.00
413193,sition: 0 ,0.00
413243,sition: 0 ,0.00
413293,sition: 0 ,0.00
413343,sition: 0 ,0.00
413393,sition: 0 ,0.00
413443,sition: 0 ,0.00
413493,sition: 0 ,0.00
413543,sition: 0 ,0.00
413593,sition: 0 ,0.00
413643,sition: 0 ,0.00
413693,sition: 0 ,0.00
413743,sition: 0 ,0.00
413793,sition: 0 ,0.00
413843,sition: 0 ,0.00
413893,sition: 0 ,0.00
413943,sition: 0 ,0.00
413993,sition: 0 ,0.00
414043,sition: 0 ,0.00
414093,sition: 0 ,0.00
414143,sition: 0 ,0.00
414193,sition: 0 ,0.00
414243,sition: 0 ,0.00
414293,sition: 0 ,0.00
414343,sition: 0 ,0.00
414393,sition: 0 ,0.00
414443,sition: 1 ,0.00
414493,sition: 1 ,0.00
414543,sition: 2 ,0.00
414593,sition: 2 ,0.00
414643,sition: 2 ,0.00
414693,sition: 3 ,0.00
414743,sition: 3 ,0.00
414793,sition: 3 ,0.00
414843,sition: 4 ,0.00
414893,sition: 4 ,0.00
414943,sition: 5 ,0.00
414993,sition: 5 ,0.00
415043,sition: 5 ,0.00
415094,sition: 6 ,0.00
415144,sition: 6 ,0.00
415194,sition: 6 ,0.00
415244,sition: 7 ,0.00
415294,sition: 7 ,0.00
415344,sition: 8 ,0.00
415394,sition: 8 ,0.00
415444,sition: 8 ,0.00
415494,sition: 9 ,0.00
415544,sition: 9 ,0.00
415594,sition: 9 ,0.00
415644,sition: 10 ,0.00
415694,sition: 10 ,0.00
415744,sition: 11 ,0.00
415794,sition: 11 ,0.00
415844,sition: 11 ,0.00
415894,sition: 12 ,0.00
415944,sition: 12 ,0.00
415994,sition: 12 ,0.00
416044,sition: 13 ,0.00
416094,sition: 13 ,0.00
416144,sition: 14 ,0.00
416194,sition: 14 ,0.00
416244,sition: 14 ,0.00
416294,sition: 15 ,0.00
416344,sition: 15 ,0.00
416394,sition: 15 ,0.00
416444,sition: 16 ,0.00
416494,sition: 16 ,0.00
416544,sition: 17 ,0.00
416594,sition: 17 ,0.00
416644,sition: 17 ,0.00
416694,sition: 18 ,0.00
416744,sition: 18 ,0.00
416794,sition: 18 ,0.00
416844,sition: 19 ,0.00
416894,sition: 19 ,0.00
416945,sition: 20 ,0.00
416995,sition: 20 ,0.00
417045,sition: 20 ,0.00
417095,sition: 21 ,0.00
417145,sition: 21 ,0.00
417195,sition: 21 ,0.00
417245,sition: 22 ,0.00
417295,sition: 22 ,0.00
417345,sition: 23 ,0.00
417395,sition: 23 ,0.00
417445,sition: 23 ,0.00
417495,sition: 24 ,0.00
417545,sition: 24 ,0.00
417595,sition: 24 ,0.00
417645,sition: 25 ,0.00
417695,sition: 25 ,0.00
417745,sition: 26 ,0.00
417795,sition: 26 ,0.00
417845,sition: 26 ,0.00
417895,sition: 27 ,0.00
417945,sition: 27 ,0.00
417995,sition: 27 ,0.00
418045,sition: 28 ,0.00
418095,sition: 28 ,0.00
418145,sition: 29 ,0.00
418195,sition: 29 ,0.00
418245,sition: 29 ,0.00
418295,sition: 30 ,0.00
418345,sition: 30 ,0.00
418395,sition: 30 ,0.00
418445,sition: 31 ,0.00
418495,sition: 31 ,0.00
418545,sition: 32 ,0.00
418595,sition: 32 ,0.00
418645,sition: 32 ,0.00
418695,sition: 33 ,0.00
418745,sition: 33 ,0.00
418796,sition: 33 ,0.00
418846,sition: 34 ,0.00
418896,sition: 34 ,0.00
418946,sition: 35 ,0.00
418996,sition: 35 ,0.00
419046,sition: 35 ,0.00
419096,sition: 36 ,0.00
419146,sition: 36 ,0.00
419196,sition: 36 ,0.00
419246,sition: 37 ,0.00
419296,sition: 37 ,0.00
419346,sition: 38 ,0.00
419396,sition: 38 ,0.00
419446,sition: 38 ,0.00
419496,sition: 39 ,0.00
419546,sition: 39 ,0.00
419596,sition: 39 ,0.00
419646,sition: 40 ,0.00
419696,sition: 40 ,0.00
419746,sition: 41 ,0.00
419796,sition: 41 ,0.00
419846,sition: 41 ,0.00
419896,sition: 42 ,0.00
419946,sition: 42 ,0.00
419996,sition: 42 ,0.00
420046,sition: 43 ,0.00
420096,sition: 43 ,0.00
420146,sition: 44 ,0.00
420196,sition: 44 ,0.00
420246,sition: 44 ,0.00
420296,sition: 45 ,0.00
420346,sition: 45 ,0.00
420396,sition: 45 ,0.00
420446,sition: 46 ,0.00
420496,sition: 46 ,0.00
420546,sition: 47 ,0.00
420596,sition: 47 ,0.00
420646,sition: 47 ,0.00
420697,sition: 48 ,0.00
420747,sition: 48 ,0.00
420797,sition: 48 ,0.00
420847,sition: 49 ,0.00
420897,sition: 49 ,0.00
420947,sition: 50 ,0.00
420997,sition: 50 ,0.00
421047,sition: 50 ,0.00
421097,sition: 51 ,0.00
421147,sition: 51 ,0.00
421197,sition: 51 ,0.00
421247,sition: 52 ,0.00
421297,sition: 52 ,0.00
421347,sition: 53 ,0.00
421397,sition: 53 ,0.00
421447,sition: 53 ,0.00
421497,sition: 54 ,0.00
421547,sition: 54 ,0.00
421597,sition: 54 ,0.00
421647,sition: 55 ,0.00
421697,sition: 55 ,0.00
421747,sition: 56 ,0.00
421797,sition: 56 ,0.00
421847,sition: 56 ,0.00
421897,sition: 57 ,0.00
421947,sition: 57 ,0.00
421997,sition: 57 ,0.00
422047,sition: 58 ,0.00
422097,sition: 58 ,0.00
422147,sition: 59 ,0.00
422197,sition: 59 ,0.00
422247,sition: 59 ,0.00
422297,sition: 60 ,0.00
422347,sition: 60 ,0.00
422397,sition: 60 ,0.00
422447,sition: 61 ,0.00
422497,sition: 61 ,0.00
422548,sition: 62 ,0.00
422598,sition: 62 ,0.00
422648,sition: 62 ,0.00
422698,sition: 63 ,0.00
422748,sition: 63 ,0.00
422798,sition: 63 ,0.00
422848,sition: 64 ,0.00
422898,sition: 64 ,0.00
422948,sition: 65 ,0.00
422998,sition: 65 ,0.00
423048,sition: 65 ,0.00
423098,sition: 66 ,0.00
423148,sition: 66 ,0.00
423198,sition: 66 ,0.00
423248,sition: 67 ,0.00
423298,sition: 67 ,0.00
423348,sition: 68 ,0.00
423398,sition: 68 ,0.00
423448,sition: 68 ,0.00
423498,sition: 69 ,0.00
423548,sition: 69 ,0.00
423598,sition: 69 ,0.00
423648,sition: 70 ,0.00
423698,sition: 70 ,0.00
423748,sition: 71 ,0.00
423798,sition: 71 ,0.00
423848,sition: 71 ,0.00
423898,sition: 72 ,0.00
423948,sition: 72 ,0.00
423998,sition: 72 ,0.00
424048,sition: 73 ,0.00
424098,sition: 73 ,0.00
424148,sition: 74 ,0.00
424198,sition: 74 ,0.00
424248,sition: 74 ,0.00
424298,sition: 75 ,0.00
424348,sition: 75 ,0.00
424398,sition: 75 ,0.00
424449,sition: 76 ,0.00
424499,sition: 76 ,0.00
424549,sition: 77 ,0.00
424599,sition: 77 ,0.00
424649,sition: 77 ,0.00
424699,sition: 78 ,0.00
424749,sition: 78 ,0.00
424799,sition: 78 ,0.00
424849,sition: 79 ,0.00
424899,sition: 79 ,0.00
424949,sition: 80 ,0.00
424999,sition: 80 ,0.00
425049,sition: 80 ,0.00
425099,sition: 81 ,0.00
425149,sition: 81 ,0.00
425199,sition: 81 ,0.00
425249,sition: 82 ,0.00
425299,sition: 82 ,0.00
425349,sition: 83 ,0.00
425399,sition: 83 ,0.00
425449,sition: 83 ,0.00
425499,sition: 84 ,0.00
425549,sition: 84 ,0.00
425599,sition: 84 ,0.00
425649,sition: 85 ,0.00
425699,sition: 85 ,0.00
425749,sition: 86 ,0.00
425799,sition: 86 ,0.00
425849,sition: 86 ,0.00
425899,sition: 87 ,0.00
425949,sition: 87 ,0.00
425999,sition: 87 ,0.00
426049,sition: 88 ,0.00
426099,sition: 88 ,0.00
426149,sition: 89 ,0.00
426199,sition: 89 ,0.00
426249,sition: 89 ,0.00
426300,sition: 90 ,0.00
426350,sition: 90 ,0.00
426400,sition: 90 ,0.00
426450,sition: 91 ,0.00
426500,sition: 91 ,0.00
426550,sition: 92 ,0.00
426600,sition: 92 ,0.00
426650,sition: 92 ,0.00
426700,sition: 93 ,0.00
426750,sition: 93 ,0.00
426800,sition: 93 ,0.00
426850,sition: 94 ,0.00
426900,sition: 94 ,0.00
426950,sition: 95 ,0.00
427000,sition: 95 ,0.00
427050,sition: 95 ,0.00
427100,sition: 96 ,0.00
427150,sition: 96 ,0.00
427200,sition: 96 ,0.00
427250,sition: 97 ,0.00
427300,sition: 97 ,0.00
427350,sition: 98 ,0.00
427400,sition: 98 ,0.00
427450,sition: 98 ,0.00
427500,sition: 99 ,0.00
427550,sition: 99 ,0.00
427600,sition: 99 ,0.00
427650,sition: 100 ,0.00
427700,sition: 100 ,0.00
427750,sition: 101 ,0.00
427800,sition: 101 ,0.00
427850,sition: 101 ,0.00
427900,sition: 102 ,0.00
427950,sition: 102 ,0.00
428000,sition: 102 ,0.00
428050,sition: 103 ,0.00
428100,sition: 103 ,0.00
428151,sition: 104 ,0.00
428201,sition: 104 ,0.00
428251,sition: 104 ,0.00
428301,sition: 105 ,0.00
428351,sition: 105 ,0.00
428401,sition: 105 ,0.00
428451,sition: 106 ,0.00
428501,sition: 106 ,0.00
428551,sition: 107 ,0.00
428601,sition: 107 ,0.00
428651,sition: 107 ,0.00
428701,sition: 108 ,0.00
428751,sition: 108 ,0.00
428801,sition: 108 ,0.00
428851,sition: 109 ,0.00
428901,sition: 109 ,0.00
428951,sition: 110 ,0.00
429001,sition: 110 ,0.00
429051,sition: 110 ,0.00
429101,sition: 111 ,0.00
429151,sition: 111 ,0.00
429201,sition: 111 ,0.00
429251,sition: 112 ,0.00
429301,sition: 112 ,0.00
429351,sition: 113 ,0.00
429401,sition: 113 ,0.00
429451,sition: 113 ,0.00
429501,sition: 114 ,0.00
429551,sition: 114 ,0.00
429601,sition: 114 ,0.00
429651,sition: 115 ,0.00
429701,sition: 115 ,0.00
429751,sition: 116 ,0.00
429801,sition: 116 ,0.00
429851,sition: 116 ,0.00
429901,sition: 117 ,0.00
429951,sition: 117 ,0.00
430001,sition: 117 ,0.00
430052,sition: 118 ,0.00
430102,sition: 118 ,0.00
430152,sition: 119 ,0.00
430202,sition: 119 ,0.00
430252,sition: 119 ,0.00
430302,sition: 120 ,0.00
430352,sition: 120 ,0.00
430402,sition: 120 ,0.00
430452,sition: 121 ,0.00
430502,sition: 121 ,0.00
430552,sition: 122 ,0.00
430602,sition: 122 ,0.00
430652,sition: 122 ,0.00
430702,sition: 123 ,0.00
430752,sition: 123 ,0.00
430802,sition: 123 ,0.00
430852,sition: 124 ,0.00
430902,sition: 124 ,0.00
430952,sition: 125 ,0.00
431002,sition: 125 ,0.00
431052,sition: 125 ,0.00
431102,sition: 126 ,0.00
431152,sition: 126 ,0.00
431202,sition: 126 ,0.00
431252,sition: 127 ,0.00
431302,sition: 127 ,0.00
431352,sition: 128 ,0.00
431402,sition: 128 ,0.00
431452,sition: 128 ,0.00
431502,sition: 129 ,0.00
431552,sition: 129 ,0.00
431602,sition: 129 ,0.00
431652,sition: 130 ,0.00
431702,sition: 130 ,0.00
431752,sition: 131 ,0.00
431802,sition: 131 ,0.00
431852,sition: 131 ,0.00
431903,sition: 132 ,0.00
431953,sition: 132 ,0.00
432003,sition: 132 ,0.00
432053,sition: 133 ,0.00
432103,sition: 133 ,0.00
432153,sition: 134 ,0.00
432203,sition: 134 ,0.00
432253,sition: 134 ,0.00
432303,sition: 135 ,0.00
432353,sition: 135 ,0.00
432403,sition: 135 ,0.00
432453,sition: 136 ,0.00
432503,sition: 136 ,0.00
432553,sition: 137 ,0.00
432603,sition: 137 ,0.00
432653,sition: 137 ,0.00
432703,sition: 138 ,0.00
432753,sition: 138 ,0.00
432803,sition: 138 ,0.00
432853,sition: 139 ,0.00
432903,sition: 139 ,0.00
432953,sition: 140 ,0.00
433003,sition: 140 ,0.00
433053,sition: 140 ,0.00
433103,sition: 141 ,0.00
433153,sition: 141 ,0.00
433203,sition: 141 ,0.00
433253,sition: 142 ,0.00
433303,sition: 142 ,0.00
433353,sition: 143 ,0.00
433403,sition: 143 ,0.00
433453,sition: 143 ,0.00
433503,sition: 144 ,0.00
433553,sition: 144 ,0.00
433603,sition: 144 ,0.00
433653,sition: 145 ,0.00
433703,sition: 145 ,0.00
433754,sition: 146 ,0.00
433804,sition: 146 ,0.00
433854,sition: 146 ,0.00
433904,sition: 147 ,0.00
433954,sition: 147 ,0.00
434004,sition: 148 ,0.00
434054,sition: 148 ,0.00
434104,sition: 148 ,0.00
434154,sition: 149 ,0.00
434204,sition: 149 ,0.00
434254,sition: 149 ,0.00
434304,sition: 150 ,0.00
434354,sition: 150 ,0.00
434404,sition: 150 ,0.00
434454,sition: 150 ,0.00
434504,sition: 150 ,0.00
434554,sition: 150 ,0.00
434604,sition: 150 ,0.00
434654,sition: 150 ,0.00
434704,sition: 150 ,0.00
434754,sition: 150 ,0.00
434804,sition: 150 ,0.00
434854,sition: 150 ,0.00
434904,sition: 150 ,0.00
434954,sition: 150 ,0.00
435004,sition: 150 ,0.00
435054,sition: 150 ,0.00
435104,sition: 150 ,0.00
435154,sition: 150 ,0.00
435204,sition: 150 ,0.00
435254,sition: 150 ,0.00
435304,sition: 150 ,0.00
435354,sition: 150 ,0.00
435404,sition: 150 ,0.00
435454,sition: 150 ,0.00
435504,sition: 150 ,0.00
435554,sition: 150 ,0.00
435604,sition: 150 ,0.00
435655,sition: 150 ,0.00
435705,sition: 150 ,0.00
435755,sition: 150 ,0.00
435805,sition: 150 ,0.00
435855,sition: 150 ,0.00
435905,sition: 150 ,0.00
435955,sition: 150 ,0.00
436005,sition: 150 ,0.00
436055,sition: 150 ,0.00
436105,sition: 150 ,0.00
436155,sition: 150 ,0.00
436205,sition: 150 ,0.00
436255,sition: 150 ,0.00
436305,sition: 150 ,0.00
436355,sition: 150 ,0.00
436405,sition: 150 ,0.00
436455,sition: 150 ,0.00
436505,sition: 150 ,0.00
436555,sition: 150 ,0.00
436605,sition: 150 ,0.00
436655,sition: 150 ,0.00
436705,sition: 150 ,0.00
436755,sition: 150 ,0.00
436805,sition: 150 ,0.00
436855,sition: 150 ,0.00
436905,sition: 150 ,0.00
436955,sition: 150 ,0.00
437005,sition: 150 ,0.00
437055,sition: 150 ,0.00
437105,sition: 150 ,0.00
437155,sition: 150 ,0.00
437205,sition: 150 ,0.00
437255,sition: 150 ,0.00
437305,sition: 150 ,0.00
437355,sition: 150 ,0.00
437405,sition: 150 ,0.00
437455,sition: 150 ,0.00
437505,sition: 150 ,0.00
437555,sition: 150 ,0.00
437606,sition: 150 ,0.00
437656,sition: 150 ,0.00
437706,sition: 150 ,0.00
437756,sition: 150 ,0.00
437806,sition: 150 ,0.00
437856,sition: 150 ,0.00
437906,sition: 150 ,0.00
437956,sition: 150 ,0.00
438006,sition: 150 ,0.00
438056,sition: 150 ,0.00
438106,sition: 150 ,0.00
438156,sition: 150 ,0.00
438206,sition: 150 ,0.00
438256,sition: 150 ,0.00
438306,sition: 150 ,0.00
438356,sition: 150 ,0.00
438406,sition: 150 ,0.00
438456,sition: 150 ,0.00
438506,sition: 150 ,0.00
438556,sition: 150 ,0.00
438606,sition: 150 ,0.00
438656,sition: 150 ,0.00
438706,sition: 150 ,0.00
438756,sition: 150 ,0.00
438806,sition: 150 ,0.00
438856,sition: 150 ,0.00
438906,sition: 150 ,0.00
438956,sition: 150 ,0.00
439006,sition: 150 ,0.00
439056,sition: 150 ,0.00
439106,sition: 150 ,0.00
439156,sition: 150 ,0.00
439206,sition: 150 ,0.00
439256,sition: 150 ,0.00
439306,sition: 150 ,0.00
439356,sition: 150 ,0.00
439406,sition: 150 ,0.00
439456,sition: 150 ,0.00
439507,sition: 150 ,0.00
439557,sition: 150 ,0.00
439607,sition: 150 ,0.00
439657,sition: 150 ,0.00
439707,sition: 150 ,0.00
439757,sition: 150 ,0.00
439807,sition: 150 ,0.00
439857,sition: 150 ,0.00
439907,sition: 150 ,0.00
439957,sition: 150 ,0.00
440007,sition: 150 ,0.00
440057,sition: 150 ,0.00
440107,sition: 150 ,0.00
440157,sition: 150 ,0.00
440207,sition: 150 ,0.00
440257,sition: 150 ,0.00
440307,sition: 150 ,0.00
440357,sition: 150 ,0.00
440407,sition: 150 ,0.00
440457,sition: 150 ,0.00
440507,sition: 150 ,0.00
440557,sition: 150 ,0.00
440607,sition: 150 ,0.00
440657,sition: 150 ,0.00
440707,sition: 150 ,0.00
440757,sition: 150 ,0.00
440807,sition: 150 ,0.00
440857,sition: 150 ,0.00
440907,sition: 150 ,0.00
440957,sition: 150 ,0.00
441007,sition: 150 ,0.00
441057,sition: 150 ,0.00
441107,sition: 150 ,0.00
441157,sition: 150 ,0.00
441207,sition: 150 ,0.00
441257,sition: 150 ,0.00
441307,sition: 150 ,0.00
441357,sition: 150 ,0.00
441408,sition: 150 ,0.00
441458,sition: 150 ,0.00
441508,sition: 150 ,0.00
441558,sition: 150 ,0.00
441608,sition: 150 ,0.00
441658,sition: 150 ,0.00
441708,sition: 150 ,0.00
441758,sition: 150 ,0.00
441808,sition: 150 ,0.00
441858,sition: 150 ,0.00
441908,sition: 150 ,0.00
441958,sition: 150 ,0.00
442008,sition: 150 ,0.00
442058,sition: 150 ,0.00
442108,sition: 150 ,0.00
442158,sition: 150 ,0.00
442208,sition: 150 ,0.00
442258,sition: 150 ,0.00
442308,sition: 150 ,0.00
442358,sition: 150 ,0.00
442408,sition: 150 ,0.00
442458,sition: 150 ,0.00
442508,sition: 150 ,0.00
442558,sition: 150 ,0.00
442608,sition: 150 ,0.00
442658,sition: 150 ,0.00
442708,sition: 150 ,0.00
442758,sition: 150 ,0.00
442808,sition: 150 ,0.00
442858,sition: 150 ,0.00
442908,sition: 150 ,0.00
442958,sition: 150 ,0.00
443008,sition: 150 ,0.00
443058,sition: 150 ,0.00
443108,sition: 150 ,0.00
443158,sition: 150 ,0.00
443208,sition: 150 ,0.00
443258,sition: 150 ,0.00
443309,sition: 150 ,0.00
443359,sition: 150 ,0.00
443409,sition: 150 ,0.00
443459,sition: 150 ,0.00
443509,sition: 150 ,0.00
443559,sition: 150 ,0.00
443609,sition: 150 ,0.00
443659,sition: 150 ,0.00
443709,sition: 150 ,0.00
443759,sition: 150 ,0.00
443809,sition: 150 ,0.00
443859,sition: 150 ,0.00
443909,sition: 150 ,0.00
443959,sition: 150 ,0.00
444009,sition: 150 ,0.00
444059,sition: 150 ,0.00
444109,sition: 150 ,0.00
444159,sition: 150 ,0.00
444209,sition: 150 ,0.00
444259,sition: 150 ,0.00
444309,sition: 150 ,0.00
444359,sition: 150 ,0.00
444409,sition: 149 ,0.00
444459,sition: 148 ,0.00
444509,sition: 147 ,0.00
444559,sition: 146 ,0.00
444609,sition: 145 ,0.00
444659,sition: 144 ,0.00
444709,sition: 143 ,0.00
444759,sition: 142 ,0.00
444809,sition: 141 ,0.00
444859,sition: 140 ,0.00
444909,sition: 139 ,0.00
444959,sition: 138 ,0.00
445009,sition: 137 ,0.00
445059,sition: 136 ,0.00
445109,sition: 135 ,0.00
445159,sition: 134 ,0.00
445209,sition: 133 ,0.00
445260,sition: 132 ,0.00
445310,sition: 131 ,0.00
445360,sition: 130 ,0.00
445410,sition: 129 ,0.00
445460,sition: 128 ,0.00
445510,sition: 127 ,0.00
445560,sition: 126 ,0.00
445610,sition: 125 ,0.00
445660,sition: 124 ,0.00
445710,sition: 123 ,0.00
445760,sition: 122 ,0.00
445810,sition: 121 ,0.00
445860,sition: 120 ,0.00
445910,sition: 119 ,0.00
445960,sition: 118 ,0.00
446010,sition: 117 ,0.00
446060,sition: 116 ,0.00
446110,sition: 115 ,0.00
446160,sition: 114 ,0.00
446210,sition: 113 ,0.00
446260,sition: 112 ,0.00
446310,sition: 111 ,0.00
446360,sition: 110 ,0.00
446410,sition: 109 ,0.00
446460,sition: 108 ,0.00
446510,sition: 107 ,0.00
446560,sition: 106 ,0.00
446610,sition: 105 ,0.00
446660,sition: 104 ,0.00
446710,sition: 103 ,0.00
446760,sition: 102 ,0.00
446810,sition: 101 ,0.00
446860,sition: 100 ,0.00
446910,sition: 99 ,0.00
446960,sition: 98 ,0.00
447010,sition: 97 ,0.00
447060,sition: 96 ,0.00
447111,sition: 95 ,0.00
447161,sition: 94 ,0.00
447211,sition: 93 ,0.00
447261,sition: 92 ,0.00
447311,sition: 91 ,0.00
447361,sition: 90 ,0.00
447411,sition: 89 ,0.00
447461,sition: 88 ,0.00
447511,sition: 87 ,0.00
447561,sition: 86 ,0.00
447611,sition: 85 ,0.00
447661,sition: 84 ,0.00
447711,sition: 83 ,0.00
447761,sition: 82 ,0.00
447811,sition: 81 ,0.00
447861,sition: 80 ,0.00
447911,sition: 79 ,0.00
447961,sition: 78 ,0.00
448011,sition: 77 ,0.00
448061,sition: 76 ,0.00
448111,sition: 75 ,0.00
448161,sition: 74 ,0.00
448211,sition: 73 ,0.00
448261,sition: 72 ,0.00
448311,sition: 71 ,0.00
448361,sition: 70 ,0.00
448411,sition: 69 ,0.00
448461,sition: 68 ,0.00
448511,sition: 67 ,0.00
448561,sition: 66 ,0.00
448611,sition: 65 ,0.00
448661,sition: 64 ,0.00
448711,sition: 63 ,0.00
448761,sition: 62 ,0.00
448811,sition: 61 ,0.00
448861,sition: 60 ,0.00
448911,sition: 59 ,0.00
448961,sition: 58 ,0.00
449011,sition: 57 ,0.00
449062,sition: 56 ,0.00
449112,sition: 55 ,0.00
449162,sition: 54 ,0.00
449212,sition: 53 ,0.00
449262,sition: 52 ,0.00
449312,sition: 51 ,0.00
449362,sition: 50 ,0.00
449412,sition: 49 ,0.00
449462,sition: 48 ,0.00
449512,sition: 47 ,0.00
449562,sition: 46 ,0.00
449612,sition: 45 ,0.00
449662,sition: 44 ,0.00
449712,sition: 43 ,0.00
449762,sition: 42 ,0.00
449812,sition: 41 ,0.00
449862,sition: 40 ,0.00
449912,sition: 39 ,0.00
449962,sition: 38 ,0.00
450012,sition: 37 ,0.00
450062,sition: 36 ,0.00
450112,sition: 35 ,0.00
450162,sition: 34 ,0.00
450212,sition: 33 ,0.00
450262,sition: 32 ,0.00
450312,sition: 31 ,0.00
450362,sition: 30 ,0.00
450412,sition: 29 ,0.00
450462,sition: 28 ,0.00
450512,sition: 27 ,0.00
450562,sition: 26 ,0.00
450612,sition: 25 ,0.00
450662,sition: 24 ,0.00
450712,sition: 23 ,0.00
450762,sition: 22 ,0.00
450812,sition: 21 ,0.00
450862,sition: 20 ,0.00
450912,sition: 19 ,0.00
450963,sition: 18 ,0.00
451013,sition: 17 ,0.00
451063,sition: 16 ,0.00
451113,sition: 15 ,0.00
451163,sition: 14 ,0.00
451213,sition: 13 ,0.00
451263,sition: 12 ,0.00
451313,sition: 11 ,0.00
451363,sition: 10 ,0.00
451413,sition: 9 ,0.00
451463,sition: 8 ,0.00
451513,sition: 7 ,0.00
451563,sition: 6 ,0.00
451613,sition: 5 ,0.00
451663,sition: 4 ,0.00
451713,sition: 3 ,0.00
451763,sition: 2 ,0.00
451813,sition: 1 ,0.00
451863,sition: 0 ,0.00
451913,sition: 0 ,0.00
451963,sition: 0 ,0.00
452013,sition: 0 ,0.00
452063,sition: 0 ,0.00
452113,sition: 0 ,0.00
452163,sition: 0 ,0.00
452213,sition: 0 ,0.00
452263,sition: 0 ,0.00
452313,sition: 0 ,0.00
452363,sition: 0 ,0.00
452413,sition: 0 ,0.00
452463,sition: 0 ,0.00
452513,sition: 0 ,0.00
452563,sition: 0 ,0.00
452613,sition: 0 ,0.00
452663,sition: 0 ,0.00
452713,sition: 0 ,0.00
452763,sition: 0 ,0.00
452813,sition: 0 ,0.00
452864,sition: 0 ,0.00
452914,sition: 0 ,0.00
452964,sition: 0 ,0.00
